$ANSIBLE_VAULT;1.1;AES256
31396562626261333435303266663661623134303430633136623066616538626263336563333131
6131363263333835633337356131633834393939306639370a343838663166356437613465633636
35313135353337363233366231313739346464356461393835643836303131376464346537306465
3666373635313330640a303932363966346339353264343734376466363831663662636666663037
63636136306134303532343836393431373933303664333637343337653963333039623036376265
36326637383034353235653264323865396430633638613335366166666533383739666539363334
32316265326331353165366231303365656230623334613035656165626231653030323365323361
62346239616232356130363833353231343937346238363130636130393761613835393261383731
33656432646137643838623562323864316532333130386330656161353838653336343439646433
62383636313731373837366432363465323633323865616132616338393033646564303362666666
63303236353066633462613166633738636632653366346666323834653962613431646533643766
66666430326338356430623133346164356163666366626461613661306437326635643763383161
61663939666330313762363462346438343761313437346232366565303834643961336563653430
66623464323366646362623731303532663365633733366630306335653162353065393433353031
36653333316430656135346335616163643336356261393838323032376637376230333630663562
63613536336362313831636564396161353763666464373065383931393337613061643537393037
30633562356339386336373464356666663663356165313532656638613937303735363132306331
35343766666535383536376263366332376131353563626663646337353838313863636235353630
32346264393232646233326265663864636134326337393665373763306136373336316139663266
34656632303266646664643631346538346465613239636432383064323165336234646365303236
66623634363438396431663461376435623236373762393664396634346636646166323137393736
36323461393930386635643562316133636436666366643735336162306133653639366265373965
37623034343539636361356533306664666139306563653436303033333266666133306539636234
35636663616633656461636434386431616231366231323236613636656564613665316138306263
32386235373131663032336536353533656133336431373635323036343637323265323037353531
37333465336563663838373434316332373931653863333763626164643037623963303264376538
31633462303365323666366261343037636635303635636661343363373633313237343830313762
35316137663538366563356430613762353630323364643262313033613332373331643764666130
61366337646235643131663962613861356664306264393832343130386266643263623865636463
38396639636439353131623330373964653134333638323439343763396161643637663264346139
64366436653837316463323934373766373038353332653665646535653265653931643562663039
61663166366663386339306433653161616663313232363936653432613339333733643363613130
33653439613264323834323137303564376561333162313463653764623261323236616461383866
31633865343338333033613463356635343638323561343636616234363434333937356230356663
31646362356437633264313265666539626438663961356631333533393865653630353062373035
65366562383738326635306131656563373262353062613963633830373531363732633130323462
37656635303165343163396166616435356661646333663131353834613539346130616333656634
37646233383136393332663662393935393961333564653837303935363863363864373638336365
37643434653363396531333432366564383662666538376264396464653163306532393032303861
38383030336233393561653336613564613764663931326566323038643830303563336166313466
32323632383361623265656564326465363537323533346464326331386131326466666563393739
61343539343264653033376663633137623431623138666165613962363266343064373932613833
38363065333561363830636135346661396665343233626432373831663730306466333261323036
63363031383365323636306564323134323361363230353439393535326661356662616136343065
65626361366365333462373138643639393064616633393565306332356661366364313462393835
33393737613166336536303838373438643235393639323430313631623962343839643132313731
64376564336330643163356139363466396335336464306339323830383930353430343064383066
30313530613962663261623162626435643231626339633932653135366265346530666537316231
35666237356366376366376366306362393362636534383464383462663033623635313736326464
38653764373334373663323436313934663565396639313739313530373830393132323836353531
34383834393164383564356336623336323332633636333237333036333161663264663133663061
37326634653234656433613562613039626434623639393130323639313430316164616534373962
33373461616132346232613738376463633738333862386136333736613433653438316430316538
63613236326534613765366536613461323833333866653761376266633332626331663966383463
35366365363263623065333662653062323237616231383336643031366163643837353339643764
31623733633466323933396335633363633361346238313239316139663763383734306136313162
63383265636635623133326135336261623235346362346563346635653962336439323762323232
32323439353534316335626330323130323837656534323966323964646534303436613564626631
35393464383530393431663336383732303836623436663962333261316539356631316332323463
64646263336631613434343930613838383232306337316538313733366264343934616333663662
31323266303164353436396463373564316638326364346237373364356437366566346436376364
35643563613631336439343739393464353463613931663665333065386166633864323762616165
30383562356331653830383363363438306662333061656235646539383032353737326131613633
37366431316465306333343330326336333631383466363037356361373035656330666334626533
36386634333166636634303433333934393432373637303339363730646239316433346361643933
30306335653534613464303066356539623066323538323432666266623864623130356132363164
65666666656664303861643330363834623934653936343538363038363734663235666562333264
64656438666334363161323331623333383562623039373865316364386165633866653561373961
64616262316239616435316430646263303132633438356539646433653633353739626330366263
34376162633563353036393238613964616461346530623762616434616339623434333665646330
61303337313039663036353632613630313135643362303035656266316637613934646334333339
38643439393465373935643233383937613565393662323032326261633732353061643035643837
38356532316266323535643062396133376366363164653165653765616434613565653931353261
36663266313463656532336265623066623763396535313466333763366132303065626164663764
65626435346566623430613736613138366461313332313061393138376633656164353431643032
34316535663631343139306663323961303962636638373261633830643834643436613339616639
38336266613337366538346463376633376635613733333031333230653735356363363430363134
66633836376234343630333136633564633539333463666238643735613865643835643438346532
62306538313561646262343632643161666136346563376635653562373639333837376636303135
64373435306330643138383164366563373265666564636530643066646132303330333163653264
62653630633435653732353566383334356466313932366634323835616661303330663238353563
37613938393838383530623034326665613762386566343037393261653465653561623962646663
31303430383636313863326634653338636163646665643761366361623165393037356234383638
35333137313064626165393164316334393335646232663265656364373734383533333434643465
30313066366362373833633337353364333630383037363831633764316639613534316330393933
66396433363434336330363435376336373534646437656637396461373261326433376233663661
61383566656535393430646563323334343632366237636331663763613035643966633033326566
30646537353364393066336666653234633465343234303364333561383932376461303234383865
39353530373136313561303933613930303132323531646565366464616161613933663332623965
33396237313738363331303364353037643838373332326638313631373634613035363933376530
37643265323361323032386630376131393961386366396665393332666439346637643031386630
65393432363566623133353265396262333033393863636630323861303766396161306632376465
33373637333338356532316562366339366137613130313133626433343963323861346533333466
32363263613731313235376131663565303339323230343330393666646635333365623539626134
63393131373066346162323164313661376535613265626533653535343931373363393336313336
63323766316666326431383936376236303838386139333462316234653435333761623538396634
30643537643765356534326165326433626136656565313536666562646565663439373132393130
33616635376566643538623765333634333933376163376366643065343966353434316532326230
65323536613833313061643263643030383061396361643365366239386562633835353764383634
30623766323936366537653436653031373163303162363663613166643137336239376437646639
37313862373932663033393365613131636534343163373862353139643565386261633535653138
36303233626132306231313234386462643433383635633135373536636132383366393665633535
39666632363331323435626436373037363536666630393731363232373733356632353362366237
34633661313734383562373137666436353063623135643364643063623337633634623037396166
35646162663761356230306632616432643765353734303538653331383361303865646637336230
62626565393230363435346537356562646633396335316638656234633433343063653837383666
66663866333031666166386566363235393963396462623735323361383938363038396164313863
38626430336138343566383636366264623932666236363933373138633631313364316162333935
35306334383730643963333533373161383132353665343432616239633137346636396537656363
34383730393561353965663664636635613036326134313266303735386237383562363833656136
35653465626238663137346461633333363233396335353464363965336666663761393537303739
30303464336565333739303964663532333438373462653437386335613835323337313336306331
65386336353264336333396536353766666336376538356638616164313339333865666265366430
32663961663132316437643137303766653338666264333837316437663437653839653563363662
36663762313334636563343239323663366438393162623037623434336263396366656164313861
36633161306530646138653062333138656563323139636237633430346137616235373866323961
31666331623936313234356562393035353162613563303161326234666231313061363237383331
33326139333532653531633437393034396639653338643539376530313532356636396132626133
36343837343235636532373136636430663361376430383030666466363763366537643536646131
37636135353964613733353138323332323964633466326136633366383530613064656339333639
34333038336337343537346461663530333265643661323330316139613862623730363136663466
38326133613639316230623035346462366235656166663966643263663262376336383431643633
32653839323062353937323162333135393535643231356534333134393336366337616636386132
65316365343635363366386138353734313963373839333637313034336238323533333464313731
33386237373635343362623732643833613932646136363362633762346637353239373937626636
36363839386361343836636565646239336637363766326431343833613361666362343863306632
38633261303238323864653661393061633062386365653732313730336631353831666438316463
63663537343763646561653966373839393439613962633961306135663937303934353332303737
38363631333864663637363066386531303465643934366135363931353239303432333361343262
39353235306263663638356262313834613266663132616163376530313334633939353465333731
62333331363161333439396565613766323134666565336534383832653438323832313439376661
36626461326665613137626263366232303563353531303032626161643434386132383431646663
39373163346366386433623038633833653862313232343766346562366664313838396661393865
6166643765303364313133376638313664383562613663646332